AG1478	AZD6244	Erlotinib	Fascaplysin	GSK2126458	GSK650394	Lapatinib	PF-4691502	Pemetrexed	Rapamycin	drug1	drug2	drug3	drug4	drug5	drug6	drug7
184B5	NA	2.09547124066	2.09509791613	-0.487919256044	0.337460378293	2.74328283784	0.14312646397	-0.377873861879	2.01821187096	-1.56393980617	0.297294482619	1.08237568951	-1.00883312734	0.430720991962	NA	-0.430691899078	-1.67627931183
600MPE	-0.581618750413	1.38212871516	-0.836123714695	-0.438927363532	0.322968214808	-0.655481966069	-0.646259799047	0.752584128636	-0.567035283887	-1.1140659478	-0.701475777552	NA	-0.382950878155	0.110763736282	-1.80243427001	NA	0.874000989165
AU565	0.12142102892	-0.714665981025	0.0780691701676	0.540910486721	0.149062252988	-0.0858565799386	2.13375269245	1.07316176774	-0.567035283887	0.643253811452	0.41909573386	0.805460885741	-0.78123958218	0.13446427374	0.780080934246	0.704933304663	NA
BT20	NA	-0.714665981025	1.19541602944	-0.536911148557	-0.285702651561	-0.0858565799386	-0.646259799047	-2.41944724773	-0.567035283887	0.326936254786	-0.84763727904	-0.662187574226	NA	-0.197343250669	NA	NA	NA
BT474	1.54817822816	-0.714665981025	0.15062416103	0.00199966908215	0.525858503598	-0.655481966069	2.13375269245	0.0608113284699	-0.567035283887	0.643253811452	NA	-1.60369790704	0.254311048284	0.809929591287	-0.266577210211	0.27907385326	0.251981403557
BT483	-0.922799819796	-0.714665981025	-0.139595802419	1.10431725062	1.36640398573	-0.0858565799386	-0.646259799047	NA	-0.567035283887	1.45865017975	1.8563504985	NA	-0.849517645727	1.58019705866	0.666313744631	-2.531598526	-1.6296278429
BT549	-0.354164704158	-0.714665981025	-0.705524731143	-1.10031791245	-0.981326498841	-0.0858565799386	-0.646259799047	-0.833431559549	-0.567035283887	-0.966451088027	-0.871997529288	0.0854823959456	0.811915233919	-0.896509105673	0.529793117093	0.76171456485	0.329733851758
CAMA1	-0.219760040462	-0.714665981025	-1.01025569276	-0.291951685994	-1.32913842248	-0.655481966069	-0.646259799047	-0.226021295989	0.814848745175	0.783839392193	-0.652755277055	0.334705719336	-1.25918602701	-1.64307603559	0.370519051632	0.165511332886	0.594092175641
HCC1143	-0.922799819796	-0.714665981025	-0.923189703729	-0.414431417275	-0.821912700506	-0.655481966069	-0.646259799047	-0.0235512081357	-0.567035283887	-0.305698858546	NA	-0.108357966692	0.038097180385	-0.778006418385	-1.21084488402	-0.260348118517	0.251981403557
HCC1187	-0.922799819796	-0.714665981025	0.353778135443	2.69655375728	0.438905522688	NA	-0.646259799047	1.91678713379	-0.567035283887	0.755722276044	-0.0193887706056	0.39008868009	-0.974694095564	0.0515123926378	0.0974777965564	0.449417633821	NA
HCC1395	-0.540263469276	-0.584967340024	-0.502370756729	-0.585903041069	-0.995818662326	-0.655481966069	-0.646259799047	0.246408909002	-0.567035283887	-1.31088576084	-0.457873275071	0.362397199713	0.0836158894164	-1.26386743627	1.01899203244	-0.515863789359	0.796248540964
HCC1419	1.28970772105	-0.228296077272	0.469866120823	-0.365439524763	2.14898081392	-0.655481966069	2.49412468208	1.19126931898	-0.567035283887	1.16342046019	NA	-2.61443694079	0.948471361013	-0.410648087789	NA	NA	NA
HCC1428	-0.922799819796	-0.714665981025	-0.183128796936	1.71671590702	-0.619022411716	-0.655481966069	-0.646259799047	-0.614088964375	-0.567035283887	0.41128760323	-0.21427077259	0.113173876322	-0.314672814608	-0.0906908321089	NA	-0.884941980575	-2.73371260736
HCC1569	0.607345582283	-0.714665981025	-0.139595802419	-0.97783818117	-0.358163468986	-0.655481966069	0.537819595478	-0.158531266705	-0.567035283887	-0.00343985995429	-0.896357779536	NA	-0.348811846382	-0.458049162704	-1.29048191675	0.165511332886	-0.509992588812
HCC1806	-0.0440000956286	-0.714665981025	0.716553089754	-0.340943578506	-0.662498902171	-0.655481966069	-0.646259799047	-0.749069022944	1.76034834401	-1.89431592091	-0.945078280032	0.279322758583	-0.155357332998	-0.410648087789	0.472909522286	0.619761414382	0.656294134202
HCC1937	0.224809231764	-0.714665981025	-0.676502734798	-0.78187061112	-0.619022411716	-0.0858565799386	-0.646259799047	0.077683835791	-0.14387462427	-0.558752903879	-1.06687953127	NA	1.39227877407	-0.754305880927	-1.02881738063	-0.231957488424	-0.883204340176
HCC1954	1.00022075309	0.949799911819	0.977751056857	-0.389935471019	0.0621092720785	-0.0858565799386	0.726585875765	0.0101938065065	-0.567035283887	1.22668397153	-0.871997529288	0.736232184799	NA	-0.18549298194	NA	0.733323934756	0.609642665281
HCC202	1.11394777621	NA	1.0067730532	1.56974022949	1.81566105376	NA	1.65325670626	NA	1.13883112519	1.07906911175	NA	NA	0.834674588434	1.8409029707	0.381895770594	0.591370784288	1.54267204369
HCC2185	-0.106033017335	-0.714665981025	-0.241172789626	0.418430755439	0.0621092720785	-0.655481966069	-0.646259799047	0.415133982213	-0.567035283887	1.46567945878	1.02810199006	0.750077924987	-0.712961518633	0.383319917047	NA	0.932058345411	0.625193154922
HCC3153	-0.922799819796	-0.714665981025	-0.531392753074	-0.438927363532	-0.894373517931	-0.0858565799386	-0.646259799047	-3.38118016504	-0.567035283887	-1.02268532032	-1.04251928102	-0.0391292657497	1.39227877407	-0.766156149656	-0.300707367096	-0.544254419452	0.671844623842
HCC38	-0.798733976384	-0.714665981025	-1.01025569276	-0.414431417275	-0.561053757776	-0.0858565799386	-0.646259799047	-0.614088964375	-0.567035283887	0.425346161304	NA	0.00240795481537	NA	-0.161792444482	0.438779365401	0.676542674569	0.314183362118
HCC70	-0.47823054757	0.852525931069	1.28248201848	0.418430755439	0.192538743443	-0.655481966069	0.417695598932	0.735711621315	-0.567035283887	0.15120427886	0.735778987085	0.279322758583	2.14333747309	0.00411131772227	0.120231234479	0.392636373634	0.329733851758
HS578T	-0.633312851835	-0.228296077272	-1.01025569276	-1.83519630014	-1.25667760506	NA	-0.646259799047	-2.72315237951	0.795013089255	-1.65532043366	-1.334842284	0.320859979148	0.59570136602	NA	0.495662960209	NA	-0.960956788377
LY2	-0.922799819796	-0.714665981025	-1.01025569276	3.3579443062	-0.0828123627714	1.18630678242	NA	0.280153923644	1.94548113259	NA	1.00374173981	0.431625900655	NA	0.2411166923	0.370519051632	0.222292593073	NA
MCF10A	2.0444416018	1.89011505908	1.5872129801	-0.732878718607	0.149062252988	1.94580729726	-0.646259799047	-0.310383832595	-0.567035283887	-0.256493905287	-0.238631022838	NA	0.208792339253	0.537373410522	-0.141433301635	0.392636373634	0.423036789599
MCF10F	2.08579688294	0.712019069984	2.41433987593	-0.340943578506	0.975115571633	0.123006061643	-0.371690664085	-0.124786252062	-0.567035283887	-0.889129018619	-0.0437490208537	-2.61443694079	-0.291913460093	1.10618630951	0.222621705133	0.534589524101	0.687395113482
MCF12A	2.5717214363	1.86849861891	2.02254292527	-0.683886826095	0.134570089503	1.14833175668	NA	-0.816559052228	2.20334465954	0.263672743453	-1.04251928102	1.24852457177	-0.0188012059043	-0.256594594313	0.404649208517	0.222292593073	0.189779444997
MCF7	-0.643651672119	-0.714665981025	-1.01025569276	-0.0224962771742	0.207030906928	-0.0858565799386	-0.646259799047	0.870691679884	-0.567035283887	0.0949700465641	0.808859737829	0.874689586683	-0.633303777828	0.0159615864512	0.336388894748	-0.288738748611	0.45413776888
MDAMB134VI	-0.364503524442	1.33889583482	-1.01025569276	-0.193967900968	-0.0393358723164	-0.655481966069	-0.646259799047	-0.124786252062	-0.567035283887	2.01396322367	-0.945078280032	0.445471640843	NA	0.264817229758	0.450156084363	0.27907385326	0.360834831039
MDAMB157	-0.199082399893	-0.714665981025	-1.01025569276	0.0999834541074	-2.15519174113	-0.655481966069	-0.646259799047	-1.25524424258	-0.567035283887	-2.05598933877	-1.40792303475	0.251631278206	-1.20228764072	NA	0.381895770594	1.07401149588	0.578541686001
MDAMB175VII	1.4551288456	0.679594409734	0.93421806234	-0.120480062199	1.06206855254	-0.655481966069	1.51597213878	0.600731562746	3.11578483184	1.21262541345	0.760139237333	-0.454501471401	-0.917795709274	1.61574786485	-0.164186739558	-0.430691899078	NA
MDAMB231	-0.922799819796	-0.714665981025	-0.792590720177	-0.31644763225	-2.35808202991	-0.655481966069	-0.646259799047	-0.884049081513	-0.567035283887	-0.650133531361	NA	0.293168498771	0.834674588434	NA	0.950731718668	1.35791779681	0.578541686001
MDAMB361	0.152437489773	-0.714665981025	-1.01025569276	0.883853734309	1.19249802391	-0.655481966069	0.297571602386	0.82007415792	1.8529147383	-0.340845253731	1.51530699502	0.320859979148	-0.986073772821	NA	1.64471157532	-0.288738748611	0.51633972744
MDAMB415	-0.922799819796	-0.00132345552042	-1.01025569276	1.20230103564	-3.09718236765	-0.0858565799386	-0.646259799047	0.347643952929	-0.567035283887	1.39538666841	0.638337986092	0.597774782915	0.174653307479	-1.96303329127	0.19986826721	0.818495825037	-0.121230347807
MDAMB453	-0.922799819796	-0.714665981025	-0.154106800591	0.810365895541	0.482382013143	-0.655481966069	0.228929318645	0.0101938065065	-0.567035283887	0.425346161304	0.711418736837	0.334705719336	0.2770704028	0.359619379589	NA	0.27907385326	0.376385320679
SKBR3	0.752089066264	-0.714665981025	-0.110573806074	-0.193967900968	0.598319321023	-0.0858565799386	2.11659212151	0.769456635957	1.07932415744	0.973629926192	0.589617485596	NA	-0.576405391539	0.644025829082	0.313635456825	0.137120702792	0.562991196361
SUM1315MO2	1.4551288456	0.657977969567	0.223179151892	-0.855358449889	0.0331249451085	2.99012050517	-0.577617515306	0.313898938287	-0.567035283887	-0.804777670175	-0.238631022838	0.514700341785	NA	0.13446427374	NA	NA	0.407486299959
SUM149PT	1.30004654133	1.46859447582	1.19541602944	-0.806366557376	-0.517577267321	-0.655481966069	NA	0.347643952929	-0.567035283887	-1.17732945914	-1.16432053226	0.154711096887	0.607081043277	-0.458049162704	0.336388894748	0.392636373634	0.547440706721
SUM159PT	0.0904045680675	1.83607395866	0.0780691701676	-0.879854396145	-0.532069430806	-0.0858565799386	-0.646259799047	-0.24289380331	-0.567035283887	0.446433998415	-0.774556528296	0.611620523104	0.0153378258693	0.383319917047	0.404649208517	NA	0.314183362118
SUM185PE	-0.922799819796	-0.714665981025	-1.01025569276	1.30028482067	NA	0.502756319063	-0.646259799047	-0.175403774026	-0.567035283887	-0.467372276398	1.24734424229	NA	-0.815378613954	NA	0.598053430862	NA	-0.261184754569
SUM225CWN	NA	-0.714665981025	0.0200251774779	1.27578887441	1.14902153345	NA	1.72189899	-0.141658759384	-0.567035283887	0.889278577748	NA	-0.371427030271	NA	1.21283872807	NA	NA	-0.214533285648
SUM229PE	-0.922799819796	2.34406030258	0.107091166512	-0.536911148557	0.859178263753	2.42049511904	-0.508975231566	-1.05277415472	0.755341777416	-1.29682720277	-1.21304103276	NA	0.356728143605	0.904731741118	1.28065656855	-0.487473159265	0.547440706721
SUM52PE	-0.922799819796	0.0527176448966	0.15062416103	0.0264956153385	0.670780138448	-0.0858565799386	-0.646259799047	0.651349084709	-0.567035283887	1.27588892478	1.00374173981	0.403934420278	1.63125199648	NA	0.472909522286	0.875277085224	0.640743644562
T47D	0.0697269274989	-0.714665981025	-1.01025569276	-0.953342234914	0.656287974963	-0.0858565799386	-0.646259799047	0.66822159203	-0.567035283887	-0.242435347213	0.833219988077	-0.496038691966	NA	NA	-2.51916756459	0.36424574354	-0.0745788788866
UACC812	NA	-0.714665981025	0.0490471738228	NA	0.714256628903	-0.655481966069	2.03078926684	1.46122943612	-0.567035283887	0.439404719378	0.0293317298905	0.528546081973	-0.62192410057	0.738827978914	-0.48273487048	0.534589524101	NA
ZR751	-0.922799819796	-0.228296077272	-1.01025569276	-0.683886826095	0.134570089503	-0.655481966069	-0.646259799047	1.25875934827	1.09915981335	NA	1.68582874676	0.196248317453	-0.826758291212	-0.71875507474	-0.209693615404	-0.373910638891	-0.121230347807
ZR75B	-0.922799819796	-0.714665981025	-1.01025569276	-0.830862503633	0.453397686173	-0.655481966069	-0.646259799047	0.685094099351	-0.567035283887	NA	1.1986237418	0.182402577264	-0.46260861896	-0.61210265618	0.563923273978	-1.45275458245	-0.37003818205
